[Documentation]
information1 = This file stores the OID assignments for resources defined in this IG.
information2 = It must be added to git and committed when resources are added or their id is changed
information3 = You should not generally need to edit this file, but if you do:
information4 = (a) you can change the id of a resource (left side) if you change it's actual id in your source, to maintain OID consistency
information5 = (b) you can change the oid of the resource to an OID you assign manually. If you really know what you're doing with OIDs
information6 = There is never a reason to edit anything else

[Key]
CodeSystem = 2
ValueSet = 2
StructureDefinition = 18
CapabilityStatement = 1

[CodeSystem]
TaskBusinessStatusCS = 2.16.840.1.113883.4.642.40.33.16.1
bser = 2.16.840.1.113883.4.642.40.33.16.2

[ValueSet]
BSeR-TelcomCommunicationPreferencesVS = 2.16.840.1.113883.4.642.40.33.48.1
TaskBusinessStatusVS = 2.16.840.1.113883.4.642.40.33.48.2

[StructureDefinition]
BSeR-Coverage = 2.16.840.1.113883.4.642.40.33.42.1
BSeR-PatientConsent = 2.16.840.1.113883.4.642.40.33.42.2
BSeR-ReferralFeedbackComposition = 2.16.840.1.113883.4.642.40.33.42.3
BSeR-ReferralFeedbackDocumentBundle = 2.16.840.1.113883.4.642.40.33.42.4
BSeR-ReferralMessageBundle = 2.16.840.1.113883.4.642.40.33.42.5
BSeR-ReferralMessageHeader = 2.16.840.1.113883.4.642.40.33.42.6
BSeR-ReferralRequestComposition = 2.16.840.1.113883.4.642.40.33.42.7
BSeR-ReferralRequestDocumentBundle = 2.16.840.1.113883.4.642.40.33.42.8
BSeR-ReferralServiceRequest = 2.16.840.1.113883.4.642.40.33.42.9
BSeR-ReferralTask = 2.16.840.1.113883.4.642.40.33.42.10
BSeR-TelcomCommunicationPreferences = 2.16.840.1.113883.4.642.40.33.42.11
BSeR-TobaccoUseCessationFeedbackMedication = 2.16.840.1.113883.4.642.40.33.42.12
bser-bundle-batch-query-referral-supporting-info = 2.16.840.1.113883.4.642.40.33.42.13
bser-referral-observation = 2.16.840.1.113883.4.642.40.33.42.14
query-description = 2.16.840.1.113883.4.642.40.33.42.15
referral-servicerequest = 2.16.840.1.113883.4.642.40.33.42.16
referral-task = 2.16.840.1.113883.4.642.40.33.42.17
BSeR-Patient = 2.16.840.1.113883.4.642.40.33.42.18

[CapabilityStatement]
capabilitystatement-bser = 2.16.840.1.113883.4.642.40.33.13.1

